9651570065
10392513098
17403311142
24437250525
24559580306
42576188622
65269401396
67307125672
75394687585
90013675358
96572404874
553125021145
570407035509
887064318368
1067031775765
1346562646376
1379290099782
1463902888867
1476316429422
1523650396487
1942006908826
2307744563186
2390613607590
2472307476474
2495834950191
2735532173034
2768937490231
2785609109575
2813551338000
2916965255008
2921718156255
2994875190068
3094226824828
3099925169476
3244161576128
3386141361198
3391579618274
3499621321928
3516673660057
3559397051088
3567531044951
3599830785566
3692836094565
3860899350912
3893613604875
4122503697449
4314943078222
4321035852521
4347173853272
4454138670007
4513620697504
4643163282510
4703868770834
4893878742268
4936323898201
5032873469335
5148873435329
5169346424314
5279502300534
5378668674305
5400049985254
5452989745506
5460461969873
5466851634545
5496683399657
5674648401136
5689581924716
5705362266445
5816141395346
5904578001187
5931768835967
5972343871474
6050724706221
6119646287568
6190728307752
6216471492624
6245268353121
6251590977981
6285981040688
6290577964292
6674923420201
6734560890841
6884594469362
6919610688585
7027485628631
7233433658306
7355839061133
7357765830198
7516828295835
7585253254704
7613410123331
7616350115727
7854799678879
8179132202299
8241081210415
8710943680069
9540485942361
9554407839457
9596320962591
9894730968069