4554771885171962633497571726853386162751111462946184821633353884259394535329258577141423231712969875782471925913939886425388322878554739432542297536263489144389335345324961785569391436495376895687882267
6244811714471747717317875863633325381111111115388687585111111111166822224715147485186139438997697411111156117955925928976366654692111111111119152131639911111111495773146858528863695896113951111111111115
9319111111111164165891111111739573811111411311281471221112111111111337152111111149782385293338174114847111125881111115888353844111121111393439228544111186454111152662111114792611111371795111182442114395
5711111111111119291651118384129883111163678918399574428411162951411175643121111138784572196891951172554123426531384615866561951163799377415511781638111462745671191511126872718896111159665118412271442319
1611134474745911187575115151545959751133839571394589477183115196721141233121939112437761257164883117912676885112621412141486811963996668111115373681821236518781141157928292295711111273888611643765957838
2811172796929821117534391119536552468111616815359643871665541153141154397111485124273475114329579117911972556771146212576791113321471111437253641513649538577111555119188233189636212621129344113332178834
5111196579911116491173849879987296225143933498588664892527929193151135376211121674766617428111931311868798925797373318833472711111111416311112715412671111111117759761111111392411868489634678689475334362
3531111111111111128456131255992924483135954692528111111111349618611278944811111378642117884155371999112181683329666411813291931111851111113111629215174153881116635543843632711113546268961811139573918182
1937111111456891768172221981111111176568917615111111111111111315741549957961211574711459131111844134119466712111142471829161321265977461195614927416218241322497711293631581111114928182223111261115866675
9933836282283421839676968311222222114643796211111137939764114916341261111111111111113232341152172682462677231122196154111678569731116711487467476682385118248274241962741117894591343769511376337721712677
9773913816187331111529618112111111111138612111194921287629532895641111112213419511968214435211141819465226111222143362744625825111186511114156933858711151164778366842111437425737147561115556228388153261
3164279692791111111112381612155514468133261115989796469835522968311111312211536945268111141129692946252311111232121719138865511122112211513162516977915187615921513711262465525715929311786816799266129319
7626164393738117691161168911113512716113164111861154511111736157111159612219875987111121377279278189111111841232121593272411112222116216871618146672313988812433113941223821139715398917919819787342112118
2797111118276611168673688621111115344183276211111111116546476456116487312118789281112221987548711111111238411222111111111111112332158111841491284822211264442337113689111136865472164515197111662122112892
5391111111176321631617697189921111433969964733292193255643929476177917111148171111222321371111111139984529112111111111111779212322129119115191541911996111398487148868732671875736183113925116298447156565
8261165463114486899736357671143917945452933468818521111111812128195486111791111122233321211111785277548771111163679532839551112221155711116635515318984681111111172722957232238288321315878311147431782212
1811187815611911996297291118568266591575752717427111111111111345179841114631112223333221111221111111191111119851611115764911222211667831144274811142986962248535269447571652112598137615366861113111863559
9411531339763145167885111211116814911111111158141111869851121857186411346611222322222211111111111122111221549793111185741112232115233571218141112129491347573483635759961119321111577841581136611154792927
4811249847739711654961121111118328112111112116731219256427111286278446557112222221111115198939424111111121111187264326111112332161382485829111222117711111111113847187117245475311976311566824556838453176
1811158295898314296114121266111641121139511214681111126585411792457176111122211111911819466963112382736111112111135887636612222111111111111122222135711531911116324881363885311111936995849767822891463873
9651173941119753545775111866318364121881471213151111182232187747353811122211116211946842582929591139862354911112111137411111111111112211111223221197711579319811939312326331235328781296573963384823115238
9691117111641241515964411149448412111197891119726941111414999172191112221114538276494111111111111111159533584211122111111111299549711118911232211789181781549251686427414137875926431145911254111111119679
9877111114413518983989538111673856912185844192159164949111855936311222111938338331111155923226711211111116717748112222132374477332475171711232113416891824612971753822781374111137248539655791147527241637
5749581844139311111114446166111798911112857644819525583538643771112221184378496118137383228481196186366211118898611122117484471111123644112222128176639744213851893258571111111641181819862119562383391716
5756977717964111111111138974196383611811176719611111111134794811222211842254711134399465484111162677334911114363195112211746656314584911122211119653913232733951251961111816364879418666778512266761111813
5796561834231111315711155245192523524963931223111111111116165712222116753972615879817751111116355678711111166994249811221118665531111112221118359478449879521313259191183582851539933429997113525875227685
1147613177481116339389166927111111111436389831121842661217894112221187868415259627949111221114574411136689761741694361122211563663111222111668662211113729681346977652114911111291511111218254616324984348
3221551281244111878857746961111141111111112234121681141119711122211733245857215287571122221667114191221413831111115283112221793532651111171558158811531174783716639437411111945194164543112361437692183544
4711514429237811116736747675117936199111197658121129891181641223215926111722113748711223321118854175761571131118711591311221115154734114151382436311149811946987521757575665765411645478311827629553977997
2887123835817388411118573148111161737751119674112196511113711233217122111121296442412233322116152482711921811713384137931222211152438211973394361911232841157941811611111729436416621116114115664111111183
7359145127894549593584177723311112392416894923411116111428712233211279912156411691812233332211111111111567411559117412111123222111111111111859477976129748191445731124981114792715497711121534131448561147
2851186461114465736167119852469111111171422628131132911525112333217945511688439784711223333222222222221813111582252692615123332222222222211154653215315687114876115369971111168252561514981236219436331176
1981121751218656561111111718699579521655174433443179611282112333218841119325212931621122223333333222111111111911981166917123322222222211111774564132742294813833115619413611185181324313936134399111811899
2191146471215527511119345374112199947441114129612127661565412222211111111111314689679111122222222211141112216635718111167123321111111118979727132718618683919287155131163111183952817618899493981296193871
9171162321114472111722288818884761111111211111117758391754312211112689136411116521744639111221111115285912211417739311167123321919233974764615288489177433119988122329111161726652491111111192562352344162
5521155111182851111533437111671111222222222222111112385693912119181117163523111113151738751111626447271112221811992811498123321196228631511111111145511398174136579898782885318111111181111117421561535336
6258119111973167111119111713911222222111111122222111634592711174211146811679731111199148659271156111199512221182852211425123322114528354881225558115993111176693545328571518898112432261122112357394346284
2873911114855681711111146676112222111141864111122221114111118291111421114878881911117574472234612183654511111892946511988123332111735932292128431916659314786355111111119125131183917588741113871111133231
8241488473119861749247318131122221128688994436111122211112211111145729114758414234111111956322819258111111811183833115648123432221135772855845988811172638157111111239811184621454462661111888641154111578
5728937446113881637365961841223211476411111136448111122222219692963972112111114477961111111111111111111112911477941146165123433322115441881369791171762493623185824435871193591726521111379466341835381136
1124284991171711384776883111233215993182485663982572111122211645173335115236453721545261221111111111132538111744811349631123332222211885889551118388561851339111564164111578451323497488351311216349821163
4493485351671811785434428211223212724864998823482437474111111111899419115248513948765111211465134138111681116655114366811222222111111112551518744134611186289118737211165841194497874111111582619746611783
8378589911892711117918933411122211669671111111175216346273566559133813514391411471111121114159957952579711119761165468712232111166274326612579151111112111337111996364344638228369711112211115432971412879
9421621811511111611129156626112221127571122222111141296653253621143858748117111111221111181791496686198491129211773812112332119119444711111111166169122221111656126538782781745438511426575115528667769675
5181822711112115411147611828811222115916111122222111116726824743611346111111122222111382984825572865595211195712314943122332194433945111139211153193123322211196911114191111111164216152141155915441291797
8442912139111151831117291245831112211144972111122222111111111111111111122222222332126429937151111149671841344142614811123332156817959111315911117151123333222119679185111111111115911718532413737811164671
6816611663752831911742111633612211111111166311111112222222222222222221111111112232111111111111116614125411842197252112223432111911364164917114628411223333332211554251199271882119231116155738911115111266
3917731159343599311983511853832571591111111853552211111111222111111111422127311222222222221111226487111144649933352122333332221261355399511132149112222222333221112311342645171117369741111571111111931185
3887351135336799231121111164166743717287374351358185891211111146524277838511211123333222111131968211114911166726811122222222221951149537113315751122221112343322119611223956111142791739486885615795541685
9281666114598173871111116171111111641279496182231256945856241911111111719444462123322211153519231112641411351399112211111111111171617611174623311222211112333332217611268451171253451111113273561233311932
8818681118381811925811179441111111127942511111111316923789155113577811625376981122221115224218111116111185482211122118176389729442895118337339112222112512222223211321382818348911111111111682993576697119
8416374111248841122455864711851771119482311111111746136831147568265112995951111222111467945111965751111782344112211151937171224342982841881611122211141912111123211143651869434111113257681613926969225762
6111989111839273113744289119222911141825511378911688117211118315171167151111222111116994421115432112856161931122119682278711111157342234751112222116536811147123221423361719131111139673321163137229867374
9151189117654115114496589165397912179881871483421182771115672491117692111222211155251479125772811745712769111211158651374246111826944981111222211145475111821123321968133968491112227152952215287111114591
1187411168715115114665771543995911176853624144425825111254755111268411122221114313811183416812111541111561122111369611911119968856421111222221117378921117156123321937965111122111154754596947211171111858
6368919811815511112427161869419111487111111976763267113155641134681112222111233417657111118981153119827111221187359165413826367111111222221111956115561114585123321562241112168771111111182229117195521123
8428831764687341894413855337531156118111111852784171177471115762111222211162167869388212212111111331811122221154983918228111111122222221111638991713411176111123321357211122117358677422935775115922321119
6681766652915424422349781397577453861135711128865581166111621621122221116848354592842112114887174479112222221111111111111122222222211111868296111618111127911223321631112222214745159242557329125667641154
8116156393554484715587696342324717391339512131976894111334552711222211334853161396248121139843265211111111222222222222222222211111117885622291143341111176781233321111222333211414311111112294813261551197
5485711961111883816443837748412169131436112111187975579847331112221112771315983848111111113583111111642971222222222211111111115415452321811114887111118434111234322222222223221962111926461386819661111797
9428521429159181915818171111111444169423311199344913759893911222211262381111955228121118747111118585116111221111111116838291828452282633278515721111717251112234333222111123321169115967921159959813415756
6445761142142146111797158916781149186335711532887541577136112222119455117262512561111687781111161893111111111628864975781389111111111778875726111111857211122333322211117123322164116412875798611178931676
2692271185111117221164372958431183972993518142124611181531122221162221149227132411199769311133396111111115467395563529111111111111111117418111118942531112223322221119258123332114113818355167126529928184
3815571123119813221169827342211784347285754841166352189511222211957811728611171118255451111158761121113357146757715111193664176652312217461111626268111222333221111554236123432162711128755947219211114697
5181911774113919939111559371111924419137613911641898165512232114237112135113621148618811111463111111558316471892987111815152241797512113184754278271111112332211534612278123432172215795852733565916611892
4474115588411111377965111111615995135814513811795291181112322119361153711111111579847111119871121168476343511163611125176613159492111114558155865111118712322115811621135123432119777861386492487114981126
9144813874111177837292248861392171249411781511278831329122321198491583111783949921145111749611211194841152713371114537295547763811113256215688241116593112221164115961128123432165847881111169859188141686
3131412337316789966499344246339911115291113711874713937123321586215739115749458598241111518112213316317866115951116814523531111111861128145166111198421122211338111291183123332131311116629871171487777277
4696126731587649512617111947763111988191513621111148351123321345493529115688785711281115876122116547117151121811777512411111111127515785794111111486511222116824711221161123322112711379645931182875932183
2791357915895616331289569611168411724111376572232336261223321939156456117824755114311213411122138371142991265211416176636592121154931474911111633477112221134492411131861123321135113725846611295768366371
8111351119544212381197321331537121111116638886117274341233321717764236111543881132171218721222112991838751258211623411441613621119111111111113557611122211751668812111991223221512118386111111733581634669
1841761143763277981111161211558365796168433613931434661234321549111112611151111163681219251122139611126281941715915231946394511111111111321156491112222112938556111111531233211855711913145444973111111494
3411111128611884181671111111886371763433966142188146151234321494461117757111115186221115526122114154113831182912167128944821111891248462511184671122221171155811123911511232214596211334252586111996811343
8914654952811941138163712789526112411178191141311173591233321533636118556538571368599111562112214865711585131317591111111111153837631111147123111222111913426511991398612232119598921111675911864769115292
5689952633111594196121217372682831633596611184211171411223321262711111492724522115816111914711211685831111144819461111111956772199113386326411122221186291598711147697112322138887192884973116729881155223
6518435321192281143218131124167471168613159118961173141123321871111136811111111114432311169241121132663811857214665191896518665172969716141112222111945812342221117721122221131861114954871144121316324748
1947599311155211683157111131156521117614287511111187817123321142116835211315911951644871112526112114522218592114568721111111226155295387111222211154519192811111139411222211881111111119111242471586999289
9911591759111111128836616754178911171374637286579921565123322177111856416873235915145984111378311111115494612263797111112951197567917111122221117752885948118541718112222112591113547118211218381811885352
5218865613317896492146511947811111449531184963588523211122332116111186391318162536118461481111744122211114246738472452965877192831111122222111544141138294738481841122221141971114186611191111111181953313
7119671432411327612419317994652769263193111154111113529112222211681152612199113258111881675911111123222211111389244315223791111111222222111179416685711645945456111222211974665195358171661621491741111239
4153278739737541144887118838875724291152578898997391116511122221964173889827711857411193117859111122222222221111111111111111222222222111146238422486211234653721122221113888643118558281135454157911171122
6111966111669971112711113865336863111826829966146283111956112221185527633122511177731111647111235111111122222222222222222222222111111123819514111143711288279111222111865111723119415551186399198411871136
9138138197157586111117623277934414671111513665151111196895311222111897116625511111458111117861481869653111111111112221112111111138978553148411111763811396611122222144247152111114661111157416534156721125
8253991533816182211479294127298141281111111111111133493174921122221115111132286111118115113615411115381849515852111111711137281381199822211111116386119251112222211149595111111131938311646937198391191169
5214811819286171393269491684452514572159731162727347238538881112222111122111287121111111113669328511111111111745645191812311111138797311112111393739685111222221119839111878115633394122298451179128581372
9856281196539111115933921152561151122924111693934149636815819511122222222221111569544111138245187822167561221596311111111111226923511112211194191677111122222111449311244511148677271482621221191489211475
5938561116412713961745337111118854282166711432179111114211794256111222333322221111251825588989911111111111111247134191111828983911112211118326911111122222211141913176746511875679147581773388131711186148
4775149211128442488344817646118478211111111124131514591111785852791112222333322221111166523664515851111111412133761571829791111112222214633211111222222221117426611954517429481214111111185635111111238883
2972111479211785991111111642976739168535211721781586977579654513921911112234333322222111111181372675236196816581533511111111222222333211111112222232211111117418811111172183988111118296238494795341796613
9965811277177547411318689719836316413967249912991439364782969185166696111234444333332222222111111111111111111111111112222222233333343222222222333332118723788319486993979558511113246544468211795911111292
1693731561877988431194479199114395584641874765391651161625154891877528111233333333333333332222222222222222222222222222333333333333333333333333333332124866747798946893377917451111294371114442793114241487
1547121189136311997111146911214566411111111111111111111111111111111111111222222222222222222222222222222222222222222222222222222222222222222222222222111111111111111111111139578111111114455154766117351237
8181231132117729193424111119883262867157811111111111111111111111111111111111111111111111111111111111111111111111111111111111111111111111111111111111111111111111111113111385152136883252882925191133827237
6181591939191353112415163325219416176832612117264935831512242259881159866913941982644741991189775814399848361763248363834122969256293625596212627648528387145557119862586116129467111111111113411117247476
4499114753311681187111265517667785558511361769951111111157225511119193119832151111711191787611111489824231613462276584281111111187112163111798935863528111111119268459111111166117211459841211461167736647
4938698641211111191694781117569229313938116555115972111112311158211115881411111111111673261162449111997631479114898333111111111155744111111111197148611111163111317381175311116141112743252141995113517376
5456992297825441192929617571116256699196471941278616121165116369651194277125481632121756811611262415864112798748119991134984387118511156686447112461711189932768194761888666115924116453548111416657212939
9916612869966515544717818728111471113297211471113988111245141161111961323473188811111642911386933159389281677211119631116734571698971923525469119281115616283276546689131145311229711111515316855962445837
8279117866285164631195848111172821111679117325883827185262821111147335558182111111253571866983991462185685117583711214119694463532771185212699691175111659811652274316556422213543281197639614287827685714
7531983141519694736571121528947733991171198441196616294451574389426275752987612271183682219615825211111182221147114931171815318152296474411531944766186911133152432234446367946886831678573716251111117893
4181782163991188671455611733492676274886121171789465291199314571877285726594675414451576945436429118466511239653568662899891839168728642631111134615698316698238311929825966111155428114955253721141911351
8391393685866156111697811514249111111167238534147111111111164861165111111754922174467141111111277152369161256474195315967455587136751211499661911114862117477698764114925116574184143911197519191669511952
4251864895853117316285411774468517169831111182476617755156811337111958581119387314285292833311911917194583127218541348416819291188793115167685311115973111341512785111145136187187459311515251641745611952
9861174698531795531152119946175749348849961192143221397561117253161137171115888452114695271111717789928266478521323781471391677114614191587334111119926911136112769711111174291111647511997891117812118863
2812111111117449762111132734571611111111173736955171111111887275957311111172335753687111111586428387171196461668111111111793318361111174595917847749339841111177621871147169955272811955713771611111189991