99999999999996897395924866991295048846649523422910883745199653469112340382614452177698652521861947798130819231494583736108397280500354428359414640088957094411321178665313283858
99999999999960454992972921510686145282716877239684548113707467358233710697603858019636156989586446023882201341601776753868802224147672326304625787127711386709429746322775324727
99999999999995919999179399164951443572890854900623909099306961783632205891955761985458432317547179277431136618782684568304930510421510468189740671927290464003976202775145875651
89999999999999999999999999954862561064617037462898899979491066749388125242072257767739267353769999901016694467759375889899727518175214598647418124883398468561075400869566177512
29999999999999599999993713875227787964599452151174675162743370967030873057032042339999999314999999995751599999989976798324133696411377487943688098245729441445443743500920536599
03499999999934999999995886614113765634911527165316073585327829126565191642322037269999999999999999999999999999997424269997843656979957594323188013614897867659557267567677942729
79999999999920374499938444231258984206211048087740452750825391632015253599999999999999999999999999999999999999999999999999813122617108407116574635525660213640385817215089506925
44499999950307460417107005843214115767622932798641990992918903841436246659999999999999999999999999999999999999999999999999977927992115271315339880838992553321210539494424861267
81999999923487390935998251776722674728688883545687501376658649786399996999999999999999999998265599994126299999999999999999999497159671621812153193490640079566279828445943403262
59999999944876986047919238619339918256348080942607903962592881999999999999999999996511499999756319999289369999949999999999999999999999931429640493193813852727747743355855996451
99999998878609714955998270497013318565506754237960975190224111946999999999999189999911133792298953900323135969613792999999999999999999865402405712025023003378748461474527194850
99999992689999199934970509618054647046178053091319880765138211747999999999843935221204552630158550414621124195615675999992999999999999903539917663162574702051785419301778850762
99999999999999999568103759836868820384924089672960808314999999999999994999933440255377427057735116362445103454099520599977435499999999999975243239706398682873604193186010495693
99999999999999994739224052075483721838408113430296941803989999999999949764213693788951766640192437886620782979135386368591417499999999999999999906753132299568844997854507968768
99999997919999996715654706656970089429343358992632572132059999999999991870418670758175834827335911549839239652093735282041574999999999999999999958718522211285819385025508315148
99999994114166197810239498200552469329695627152031607236999999999995679372516091445054922169841026124593560538431136118474168349877572999999999928690402415225343385214842125000
99999991383363377934901011982557538412410274854842222999999999999672394484037377871502373119683687572162011971751956221477449383871130799999999963283699743685734683102748809569
99999927258917959192548814727504173981018476809981899999999999997419754654982352930152975112679877781594701088796331834761798241475221699999999993999152433411647678713892822450
99999949640986021994124997891106844995377346674363704999999999694919650739296441571117254536571842944529592402032974141305273661990789999999999999999999942735782941427479135807
99999923657738686542951698109245439817693596350417599999994083686732688856692933779318308321002242498867988725978310272232978558201738999181999999999999998213529247638320591363
99999979994999941871684638914741119276350329535771999999987519437609514610971819787289999970997745488751176030595198108451235978093861269623979999999999993054679180870537734281
99999949999993731039141707254895462893945743754014999999999185633241559193844253957999999999999999997264392762663115771275564533165322471696951999999999959213854036999198517768
99999999999999805619908336412012607082099898146942699999322105374935747374131629999999999999999999999284322784729173754439244950017356704042723999999999691873016445006262047964
99999999999999380107962988727096286899613130225776799998284883958584656507539999999891743599849899999999938744683136322415529720864240112615399999999999843817499896159961462506
99999915899990211982923312724474501304114853348469999999960244777322124259999988210639452909177613939999999945094339002264754969238272724480899999999999999954222127544964682040
99999991129227786934043192719068119264292439035799999999982395879045303229999154376054292333618511793999999992316967173353771882901648398142721981539999999199999832201058476592
99999913224252937990708509792605789046176293649999999999125997247126202999984745034871611459577990634059299999792146219117621857528652985620784938332999999999999961711951905809
99999990072473463166574739502738023936844195176500999999252248550960025999929792371888884123070584374237399899999423649877331545722896898098189371570699999999999940131462787811
99999965531157995572419946733671321543023488587154999999961416079163139999618127888999999999269988088893674749999021653580064746846146679437659523322599999999999550441813305358
99999916992929997370527712227215039414182636781799999999224998033983619992542898888866880199992978736877940999999929858952052847102643249436711892899999999999996634712476987561
99999910999999482997298127473122232386158611069539999999623065091260449991915088888888852632999607885937776496799999113699360029354091806531864601599999999999902575792177739952
99999999999999996100879844125847092816238853268697729999931279723455969998536488888888884996199991506182969946799999168200668294689838768598178317176491899999999999995965208248
99999999999999981072977594540387975250105649365123099999992913081814223999690848888888888183929993830846620486999999847661001294010255919090268140488947239999994799996960514195
99999999219995441494227711510390198423347949701735999999344471797075361499934878888888888689519993804154872359431999895203139740199070443859611470627545659999999899999941137726
99999999974032374149986439440680065748559380771383999999999166888165617999998508073888886095069999417460538439979999995431056215875467779037450710797137666999999999999996521659
99999999923662069215091158436108009284065033185558974439999969013833461581999999999998877220449993180215202394699999996282681130955065043636571035197997259399999999999994767732
99999999948624585492951630169478554296623653497354943899999945339000206270244688888423879544699997336678496631499999973905823104143536940871179321223140399999999999999944255776
49999999995150726998963622269868822301520056527308033899999999947349941641175398673541467611999949045787117829946399991916720056972800682042937215604489999999999999999294426196
79999999995299916997098021628255969584017940515791350162219999946149159818146037212189281499999990725091046389245999999462261301504796322950895906746281499999999999910875070397
76779999999459999999611588349571386340523018626800227278169999999997825576097393579613945999999795399116162494999999999165514469635618510227118482629607399238999999997489141725
99789999999999999999848794339780594631941427903915422569769999999990699692035238335392999999927623793524225417938999942188580383711015166326006922565847286388479999999998366893
35151999999999999992930049635656414480280561140429558787611857499999999464999999599999999992498373779470763199971999966422559101387442102173495452957723173178661999999999930425
58199999999999714780354411309696624319532847201624845599501312999999999999999999999999961780854433859885362474889999999442955847022706941023733650705499713582398699999999999824
08999999999999995383032122592473325372023578705549234823575157412644899989999999999549613793212091541326955049999999999794535775952766288635829502158797210134711599999999999993
81999999999999998696189649173160948897838043059024590966943042218563780611299222112728604739056323883757525121999999990194887017328134237180239184836869106619295299999999999996
42699999999999999393944799850001497788588114730138651873235820284525064272642411350495926124875345473717611978999999991887643323455726134430991338299157122999999999999999999910
46981969999999999998999999999219797154327732732835155981812002616069724439365029393438974083537006634318179999999999716766880290810305936089957489463579363999999999999999999370
47868791899999999999499999999343159284391508908002042496079464770829982088924033867138175149941617460154499999999999428260675403061313152750689489688873473799999999999994996771
42289999252989999999999999995749273644860768389924183489897147371650188221986391167551364305764950270924009999999999164235826730279032162412760795195038589997239999999973849437
38203472612899999999999908128486776491774527649519053373902079152820076534042507060992096155639309704115199999999999185447282023239921739951680260420356949413913999999975943265
93388912506099999999999999007876534932723013333861211078899054335308147038268651917072837093139743729999999999953126346251469751946829685711389321471452627335113999999616999117
78678190311159999999999999612377424998467509052844826732865997067869050843921414079854663934571987999999999999931627836712588629193735800794614576200969132396964999999719891171
08389111181189999999999999999918999999957276981949647942727879985633036631719017532633189909271299141999999999999949640511068615456904819039076055180996285715599999999654999995
25769679180799999999999999999999999999933792305498077441684011008838587289765060964986016500748958036999999999941776174204725935037484815942659176811027557503899999999999999999
17213828467932499999999999999999999999994655489275762223193569507472214730303454674383642199999992699999999991197145152834801707217075224483871525836810772599999999999999999999
94211871930698633691659859999999999999999407189999969671886182544373591081539197428621679450999999999999961216764851044531114136975448339591328985137366559999999999999999999999
51540908450742973999432441999999999999999998699999992098792118781656626752378124999899914861299999999999777360953089309084214931490890927754066893831510392999999999999999999999
86188753309103345423944506799999999999999999999999950622989999988499649919983214529999999999999999999999896677258864446307834320846662775999877829794816178999999999999999999991
12243758844870809733873138299999999983999999999999994123633899992333225899999190599999999999999999999993193907913319446853862728025833624206703382303886799973299999999999994785
91667280154186369657675839799999999993749999999999999999999999999620170999999999999999999999999922145839522874915137985622949981162855070329202559812521891167335999999998379600
52117063050132021899966926119999999699914199999999999999999999999999999999999999999999999999992327335810800758428741704576587558175346887550947277919667392550539089999999927904
84393867802985780929999900686034999568971999999999999999999999999999999999999999999949999999999997170846931051847577759925905419221949241916205002529309283844928591899999999816
71927496269002939275013665691553499972415799999999993589999999999999999999999999999956729999994180504044742350812816368817510369307784882863756945192932238319096445799999999926
52718409468178265737705175259754729569431279999999989951189999999999987199999999992262274943945437999222454009066882077939364307621136863283514724465921724212689855611999999982
99025876026156203024136767791585375714172931999995943186259999999998984495999999999976123139803395604639107222275573914247370788907079284668629445666401411916431899998999999992
59227637053432994135627965610464548790074390167567993010655999999942757177944989399962763185227833292064402355205829290888663022207590283509072252539879999999106299999999999998
15228947931304343628002008089872346656666027450681999888577711442899442815079223884563029253175481673782258361230247523703913193618927495642415066334299999999906799999999999999
47454837210420736176367206504106550347317981064205249077171153316547752702329273071455156200264340868727787701047240679459892838901978579653329193683449999999299999999999999999
48859048177714514992225087427723195518406607028991453691374247347629914294853965600973639389202867014059499064761033266220975542100325668565486507081359999999999999599999999999
38407135083989690867073503595790178892468354946355223578979498092049885976788285612025449783558463655731673191064095896609642303988167011490533751799994759999995968999999999999
52897887919335202281308108466562740979086347988547796324069950876704105037490982693147551210793140149660224310025168250884697746357814226943290294990499519999825556399999999999
75581051033464231216865214755420472990051167423914685282193616671012328466207665270926417485303224452352548846985040923598359499723993710879999389756243337749960330799999999999